1951   1.7    .6   -.8   -.6  -1.0   -.3  -1.4   -.7  -1.3  -1.4  -1.0  -1.0
1952  -1.2  -1.1    .0   -.5    .6    .5    .4   -.4   -.3    .2   -.2  -1.6
1953    .2  -1.0   -.8   -.1  -2.2   -.3   -.1  -1.9  -1.5   -.2   -.4   -.7
1954    .6   -.7   -.3    .4    .3   -.3    .3    .8    .2    .1    .1   1.5
1955   -.7   1.8    .1   -.5    .9   1.1   1.7   1.2   1.5   1.5   1.3   1.0
1956   1.4   1.5    .9    .7   1.3    .8   1.1    .9    .0   1.9    .1   1.0
1957    .6   -.5   -.4    .0  -1.0   -.2    .1  -1.0  -1.1   -.2  -1.2   -.5
1958  -2.3  -1.0   -.3    .1   -.9   -.2    .3    .6   -.4   -.2   -.6   -.9
1959  -1.2  -2.0    .9    .2    .3   -.6   -.5   -.6    .0    .3   1.0    .8
1960    .0   -.3    .6    .6    .3   -.3    .4    .5    .7   -.1    .5    .8
1961   -.4    .7  -2.7    .7    .1   -.3    .1   -.2    .1   -.7    .6   1.6
1962   2.2   -.7   -.4    .0   1.0    .4   -.1    .3    .5    .9    .3    .0
1963   1.1    .4    .7    .6    .1  -1.0   -.3   -.5   -.7  -1.6  -1.0  -1.6
1964   -.5   -.3    .7   1.0   -.1    .4    .4   1.3   1.4   1.3    .0   -.5
1965   -.6    .1    .2   -.8   -.1  -1.0  -2.2  -1.2  -1.5  -1.2  -1.8    .0
1966  -1.7   -.7  -1.7   -.5   -.7    .0   -.1    .3   -.3   -.4   -.1   -.6
1967   1.9   1.6    .8   -.3   -.3    .3    .0    .5    .6   -.2   -.6   -.8
1968    .4   1.1   -.5   -.2   1.1    .9    .6   -.1   -.3   -.3   -.5    .0
1969  -2.0  -1.1   -.1   -.6   -.6   -.2   -.7   -.6  -1.2  -1.3   -.2    .3
1970  -1.4  -1.6    .0   -.4    .1    .7   -.6    .2   1.3    .9   1.7   2.1
1971    .3   1.9   2.1   1.7    .7    .1    .1   1.3   1.6   1.7    .5    .0
1972    .4    .8    .1   -.4  -2.1  -1.1  -1.9  -1.0  -1.6  -1.2   -.5  -1.6
1973   -.5  -2.0    .2   -.2    .2    .8    .5   1.1   1.4    .6   2.9   2.0
1974   2.7   2.0   2.2    .8    .9    .1   1.2    .5   1.3    .8   -.3    .0
1975   -.8    .6   1.2   1.1    .5   1.1   2.1   1.9   2.4   1.7   1.3   2.3
1976   1.5   1.6   1.3    .1    .2   -.1  -1.2  -1.3  -1.4    .2    .7   -.6
1977   -.7   1.1  -1.3   -.8   -.9  -1.5  -1.5  -1.3  -1.0  -1.4  -1.6  -1.4
1978   -.4  -3.5   -.8   -.6   1.3    .3    .4    .0    .0   -.7   -.1   -.3
1979   -.7    .8   -.5   -.4    .3    .4   1.3   -.6    .1   -.4   -.6  -1.0
1980    .3    .0  -1.2  -1.0   -.3   -.4   -.2    .0   -.6   -.3   -.5   -.3
1981    .2   -.6  -2.1   -.4    .7   1.0    .8    .4    .4   -.7    .1    .5
1982   1.3   -.1    .1   -.2   -.7  -1.6  -1.9  -2.5  -2.0  -2.2  -3.2  -2.8
1983  -4.2  -4.6  -3.4  -1.3    .5   -.3   -.8   -.2   1.0    .3   -.2   -.1
1984    .1    .6   -.9    .2    .0   -.8    .0    .0    .1   -.6    .2   -.4
1985   -.5   1.0    .2   1.0    .2   -.9   -.3    .7    .0   -.7   -.3    .1
1986    .9  -1.6    .0    .1   -.5    .7    .1  -1.0   -.6    .5  -1.5  -1.8
1987   -.9  -1.9  -2.0  -1.9  -1.7  -1.7  -1.7  -1.5  -1.2   -.7   -.1   -.7
1988   -.2   -.9    .1   -.1    .8   -.2   1.1   1.4   2.1   1.4   1.9   1.3
1989   1.7   1.1    .6   1.6   1.2    .5    .8   -.8    .6    .6   -.4   -.7
1990   -.2  -2.4  -1.2    .0   1.1    .0    .5   -.6   -.8    .1   -.7   -.5
1991    .6   -.1  -1.4  -1.0  -1.5   -.5   -.2   -.9  -1.8  -1.5   -.8  -2.3
1992  -3.4  -1.4  -3.0  -1.4    .0  -1.2   -.8    .0    .0  -1.9   -.9   -.9
1993  -1.2  -1.3  -1.1  -1.6   -.6  -1.4  -1.1  -1.5   -.8  -1.5   -.2    .0
1994   -.3   -.1  -1.4  -1.8  -1.0   -.9  -1.8  -1.8  -1.8  -1.6   -.7  -1.6
1995   -.6   -.5    .2  -1.1   -.7   -.2    .3   -.1    .3   -.3    .0   -.8
1996   1.0   -.1    .7    .6    .1   1.0    .6    .4    .6    .4   -.2    .8
1997    .5   1.6  -1.1   -.9  -1.8  -2.0  -1.0  -2.1  -1.6  -1.9  -1.4  -1.3
1998  -3.3  -2.7  -3.5  -1.9    .1    .7   1.3   1.0   1.2   1.0   1.1   1.4
1999   2.0    .8    .9   1.4    .1   -.1    .5    .1   -.1    .9   1.1   1.5
2000    .7   1.6   1.0   1.2    .2   -.6   -.4    .4   1.0   1.0   2.0    .7
2001   1.1   1.5    .5   -.1   -.8   -.1   -.4  -1.0    .2   -.4    .7  -1.2
2002    .4    .9   -.9   -.4  -1.2   -.7   -.7  -1.6   -.7   -.7   -.6  -1.4
2003   -.4  -1.2  -1.0   -.4   -.6  -1.1    .2   -.3   -.1   -.3   -.4   1.1
2004  -1.7   1.1   -.2  -1.3    .9  -1.3   -.7   -.8   -.4   -.3   -.9  -1.1
